7 1
PD[X[1, 8, 2, 9], X[3, 10, 4, 11], X[5, 12, 6, 13], X[7, 14, 8, 1], X[9, 2, 10, 3], X[11, 4, 12, 5], X[13, 6, 14, 7]]
:
7 2
PD[X[1, 4, 2, 5], X[3, 10, 4, 11], X[5, 14, 6, 1], X[7, 12, 8, 13], X[11, 8, 12, 9], X[13, 6, 14, 7], X[9, 2, 10, 3]]
:
7 3
PD[X[6, 2, 7, 1], X[10, 4, 11, 3], X[14, 8, 1, 7], X[8, 14, 9, 13], X[12, 6, 13, 5], X[2, 10, 3, 9], X[4, 12, 5, 11]]
:
7 4
PD[X[6, 2, 7, 1], X[12, 6, 13, 5], X[14, 8, 1, 7], X[8, 14, 9, 13], X[2, 12, 3, 11], X[10, 4, 11, 3], X[4, 10, 5, 9]]
:
7 5
PD[X[1,4,2,5],X[7,14,8,1],X[9,2,10,3],X[3,10,4,11],X[5,12,6,13],X[13,6,14,7],X[11,8,12,9]]
PD[X[5,14,6,1],X[1,8,2,9],X[9,2,10,3],X[3,12,4,13],X[13,4,14,5],X[11,6,12,7],X[7,10,8,11]]
:
7 6
PD[X[1,4,2,5],X[11,1,12,14],X[9,2,10,3],X[3,10,4,11],X[5,9,6,8],X[13,6,14,7],X[7,12,8,13]]
PD[X[1,4,2,5],X[9,1,10,14],X[7,2,8,3],X[3,8,4,9],X[5,12,6,13],X[11,6,12,7],X[13,11,14,10]]
PD[X[5,14,6,1],X[1,10,2,11],X[9,2,10,3],X[3,6,4,7],X[13,4,14,5],X[7,13,8,12],X[11,9,12,8]]
:
7 7
PD[X[1,9,2,8],X[11,14,12,1],X[7,3,8,2],X[3,10,4,11],X[13,5,14,4],X[5,13,6,12],X[9,6,10,7]]
PD[X[1,4,2,5],X[11,14,12,1],X[9,3,10,2],X[3,9,4,8],X[5,10,6,11],X[13,7,14,6],X[7,13,8,12]]
:
