8 1
PD[X[1, 4, 2, 5], X[9, 12, 10, 13], X[3, 11, 4, 10], X[11, 3, 12, 2], X[5, 16, 6, 1], X[7, 14, 8, 15], X[13, 8, 14, 9], X[15, 6, 16, 7]]
:
8 2
PD[X[1, 4, 2, 5], X[5, 12, 6, 13], X[3, 11, 4, 10], X[11, 3, 12, 2], X[7, 14, 8, 15], X[9, 16, 10, 1], X[13, 6, 14, 7], X[15, 8, 16, 9]]
:
8 3
PD[X[6, 2, 7, 1], X[14, 10, 15, 9], X[10, 5, 11, 6], X[12, 3, 13, 4], X[4, 11, 5, 12], X[2, 13, 3, 14], X[16, 8, 1, 7], X[8, 16, 9, 15]]
:
8 4
PD[X[6, 2, 7, 1], X[14, 10, 15, 9], X[10, 3, 11, 4], X[2, 13, 3, 14], X[12, 5, 13, 6], X[16, 8, 1, 7], X[4, 11, 5, 12], X[8, 16, 9, 15]]
:
8 5
PD[X[6, 2, 7, 1], X[8, 4, 9, 3], X[2, 8, 3, 7], X[14, 10, 15, 9], X[12, 5, 13, 6], X[4, 13, 5, 14], X[16, 12, 1, 11], X[10, 16, 11, 15]]
:
8 6
PD[X[1,4,2,5],X[7,16,8,1],X[11,3,12,2],X[3,11,4,10],X[5,14,6,15],X[15,6,16,7],X[13,8,14,9],X[9,12,10,13]]
PD[X[5,16,6,1],X[1,11,2,10],X[9,3,10,2],X[3,14,4,15],X[15,4,16,5],X[13,6,14,7],X[7,12,8,13],X[11,8,12,9]]
:
8 7
PD[X[1,4,2,5],X[11,1,12,16],X[9,2,10,3],X[3,10,4,11],X[5,13,6,12],X[13,7,14,6],X[7,15,8,14],X[15,9,16,8]]
PD[X[1,8,2,9],X[11,1,12,16],X[9,2,10,3],X[3,13,4,12],X[13,5,14,4],X[5,15,6,14],X[15,7,16,6],X[7,10,8,11]]
:
8 8
PD[X[1,8,2,9],X[11,1,12,16],X[9,2,10,3],X[3,7,4,6],X[13,5,14,4],X[5,15,6,14],X[7,10,8,11],X[15,13,16,12]]
PD[X[1,4,2,5],X[11,1,12,16],X[9,2,10,3],X[3,10,4,11],X[5,9,6,8],X[13,7,14,6],X[7,15,8,14],X[15,13,16,12]]
PD[X[1,4,2,5],X[9,1,10,16],X[7,2,8,3],X[3,8,4,9],X[5,13,6,12],X[13,7,14,6],X[15,11,16,10],X[11,15,12,14]]
PD[X[1,6,2,7],X[9,1,10,16],X[7,2,8,3],X[3,13,4,12],X[13,5,14,4],X[5,8,6,9],X[15,11,16,10],X[11,15,12,14]]
:
8 9
PD[X[6,2,7,1],X[16,10,1,9],X[2,13,3,14],X[10,3,11,4],X[4,11,5,12],X[12,5,13,6],X[14,8,15,7],X[8,16,9,15]]
PD[X[6,2,7,1],X[16,10,1,9],X[2,11,3,12],X[12,3,13,4],X[4,13,5,14],X[10,5,11,6],X[14,8,15,7],X[8,16,9,15]]
:
8 10
PD[X[1,4,2,5],X[11,1,12,16],X[7,2,8,3],X[3,8,4,9],X[5,13,6,12],X[13,7,14,6],X[9,15,10,14],X[15,11,16,10]]
PD[X[1,6,2,7],X[11,1,12,16],X[7,2,8,3],X[3,13,4,12],X[13,5,14,4],X[5,8,6,9],X[9,15,10,14],X[15,11,16,10]]
:
8 11
PD[X[1,4,2,5],X[9,16,10,1],X[11,3,12,2],X[3,11,4,10],X[5,12,6,13],X[15,6,16,7],X[7,14,8,15],X[13,8,14,9]]
PD[X[9,16,10,1],X[1,10,2,11],X[5,2,6,3],X[3,13,4,12],X[11,5,12,4],X[15,6,16,7],X[7,14,8,15],X[13,8,14,9]]
PD[X[3,16,4,1],X[1,11,2,10],X[9,3,10,2],X[11,4,12,5],X[5,12,6,13],X[15,6,16,7],X[7,14,8,15],X[13,8,14,9]]
:
8 12
PD[X[4,2,5,1],X[16,13,1,14],X[2,11,3,12],X[10,3,11,4],X[8,5,9,6],X[6,16,7,15],X[14,8,15,7],X[12,10,13,9]]
PD[X[4,2,5,1],X[16,11,1,12],X[2,9,3,10],X[8,3,9,4],X[14,6,15,5],X[6,14,7,13],X[10,8,11,7],X[12,15,13,16]]
PD[X[10,1,11,2],X[16,13,1,14],X[2,9,3,10],X[6,3,7,4],X[4,16,5,15],X[14,6,15,5],X[12,8,13,7],X[8,12,9,11]]
PD[X[8,1,9,2],X[16,11,1,12],X[2,7,3,8],X[14,4,15,3],X[4,14,5,13],X[10,6,11,5],X[6,10,7,9],X[12,15,13,16]]
PD[X[8,2,9,1],X[16,12,1,11],X[2,8,3,7],X[14,3,15,4],X[4,13,5,14],X[10,5,11,6],X[6,9,7,10],X[12,16,13,15]]
:
8 13
PD[X[1,8,2,9],X[11,1,12,16],X[9,2,10,3],X[3,13,4,12],X[15,5,16,4],X[5,15,6,14],X[13,7,14,6],X[7,10,8,11]]
PD[X[1,4,2,5],X[11,1,12,16],X[9,2,10,3],X[3,10,4,11],X[5,15,6,14],X[13,7,14,6],X[7,13,8,12],X[15,9,16,8]]
PD[X[1,4,2,5],X[11,1,12,16],X[9,2,10,3],X[3,10,4,11],X[5,13,6,12],X[15,7,16,6],X[7,15,8,14],X[13,9,14,8]]
PD[X[1,8,2,9],X[11,1,12,16],X[9,2,10,3],X[3,15,4,14],X[13,5,14,4],X[5,13,6,12],X[15,7,16,6],X[7,10,8,11]]
:
8 14
PD[X[1,4,2,5],X[13,16,14,1],X[11,3,12,2],X[3,11,4,10],X[5,12,6,13],X[9,6,10,7],X[7,14,8,15],X[15,8,16,9]]
PD[X[1,4,2,5],X[7,1,8,16],X[11,2,12,3],X[3,12,4,13],X[5,14,6,15],X[9,6,10,7],X[15,9,16,8],X[13,10,14,11]]
PD[X[7,16,8,1],X[1,10,2,11],X[11,2,12,3],X[3,6,4,7],X[15,5,16,4],X[5,15,6,14],X[13,8,14,9],X[9,12,10,13]]
PD[X[1,6,2,7],X[9,1,10,16],X[5,2,6,3],X[3,12,4,13],X[13,4,14,5],X[7,14,8,15],X[11,8,12,9],X[15,11,16,10]]
PD[X[1,4,2,5],X[11,16,12,1],X[9,3,10,2],X[3,9,4,8],X[5,10,6,11],X[13,6,14,7],X[7,14,8,15],X[15,12,16,13]]
PD[X[5,1,6,16],X[1,10,2,11],X[11,2,12,3],X[3,14,4,15],X[7,4,8,5],X[15,7,16,6],X[13,8,14,9],X[9,12,10,13]]
:
8 15
PD[X[1,6,2,7],X[13,16,14,1],X[7,2,8,3],X[3,12,4,13],X[11,4,12,5],X[5,8,6,9],X[9,14,10,15],X[15,10,16,11]]
PD[X[7,16,8,1],X[1,12,2,13],X[13,2,14,3],X[3,6,4,7],X[9,4,10,5],X[5,10,6,11],X[15,8,16,9],X[11,14,12,15]]
PD[X[1,4,2,5],X[13,16,14,1],X[7,2,8,3],X[3,8,4,9],X[5,12,6,13],X[11,6,12,7],X[9,14,10,15],X[15,10,16,11]]
:
8 16
PD[X[6, 2, 7, 1], X[14, 6, 15, 5], X[16, 11, 1, 12], X[12, 7, 13, 8], X[8, 3, 9, 4], X[4, 9, 5, 10], X[10, 15, 11, 16], X[2, 14, 3, 13]]
:
8 17
PD[X[6, 2, 7, 1], X[14, 8, 15, 7], X[8, 3, 9, 4], X[2, 13, 3, 14], X[12, 5, 13, 6], X[4, 9, 5, 10], X[16, 12, 1, 11], X[10, 16, 11, 15]]
:
8 18
PD[X[6, 2, 7, 1], X[8, 3, 9, 4], X[16, 11, 1, 12], X[2, 14, 3, 13], X[4, 15, 5, 16], X[10, 6, 11, 5], X[12, 7, 13, 8], X[14, 10, 15, 9]]
:
8 19
:
8 20
:
8 21
:
